1651 2 2860 1 3e8
16000
15943
15775
15498
15112
14624
14037
13357
12592
11748
10834
9860
8834
7766
6667
5548
4418
3288
2168
1069
0
-1030
-2012
-2939
-3804
-4599
-5321
-5964
-6524
-7000
-7391
-7694
-7912
-8046
-8097
-8070
-7969
-7798
-7563
-7271
-6928
-6540
-6117
-5664
-5190
-4703
-4210
-3718
-3236
-2768
-2323
-1904
-1519
-1171
-864
-600
-384
-215
-95
-23
0
-22
-90
-198
-345
-526
-737
-974
-1230
-1501
-1782
-2067
-2351
-2628
-2893
-3142
-3370
-3574
-3748
-3891
-4000
-4072
-4106
-4103
-4060
-3980
-3862
-3709
-3522
-3305
-3061
-2793
-2504
-2200
-1884
-1561
-1236
-912
-596
-290
0
271
520
744
939
1103
1235
1334
1399
1429
1426
1390
1323
1227
1104
958
792
608
413
208
0
-208
-413
-608
-791
-958
-1104
-1227
-1323
-1390
-1426
-1429
-1399
-1334
-1235
-1103
-939
-744
-520
-271
0
290
596
912
1235
1561
1884
2200
2504
2792
3061
3305
3522
3709
3862
3980
4060
4103
4106
4072
4000
3891
3748
3574
3370
3142
2893
2628
2351
2067
1782
1501
1230
974
738
527
345
198
90
22
0
23
94
215
383
600
863
1171
1519
1904
2322
2768
3235
3718
4210
4703
5190
5664
6116
6540
6927
7271
7563
7798
7969
8070
8097
8046
7912
7694
7391
7001
6525
5964
5321
4600
3804
2940
2013
1030
0
-1068
-2167
-3287
-4417
-5547
-6667
-7765
-8833
-9859
-10834
-11747
-12591
-13356
-14036
-14623
-15112
-15497
-15775
-15943
-16000
-15943
-15776
-15498
-15113
-14624
-14037
-13358
-12592
-11749
-10835
-9860
-8835
-7767
-6668
-5549
-4419
-3289
-2169
-1070
0
1029
2011
2938
3803
4599
5320
5963
6524
7000
7390
7694
7912
8046
8097
8070
7969
7798
7564
7271
6928
6541
6117
5665
5191
4704
4210
3719
3236
2769
2323
1905
1519
1171
864
601
384
215
95
23
0
22
90
198
345
526
737
973
1230
1501
1782
2067
2350
2627
2893
3142
3370
3573
3748
3891
3999
4072
4106
4103
4060
3980
3862
3709
3523
3306
3061
2793
2505
2200
1884
1561
1236
913
596
290
0
-271
-520
-743
-938
-1103
-1235
-1334
-1399
-1429
-1426
-1390
-1323
-1227
-1104
-958
-792
-609
-413
-209
0
208
412
608
791
958
1104
1227
1323
1390
1426
1429
1399
1334
1235
1103
939
744
520
271
0
-290
-595
-912
-1235
-1560
-1883
-2199
-2504
-2792
-3061
-3305
-3522
-3709
-3862
-3979
-4060
-4103
-4106
-4072
-4000
-3891
-3748
-3574
-3371
-3143
-2893
-2628
-2351
-2067
-1782
-1502
-1230
-974
-738
-527
-345
-199
-90
-22
0
-23
-94
-215
-383
-600
-863
-1171
-1519
-1904
-2322
-2768
-3235
-3718
-4210
-4703
-5190
-5664
-6116
-6540
-6928
-7271
-7563
-7798
-7969
-8070
-8097
-8046
-7912
-7694
-7391
-7000
-6524
-5964
-5321
-4599
-3804
-2939
-2012
-1030
0
1069
2168
3288
4418
5548
6667
7766
8834
9860
10834
11748
12592
13357
14037
14624
15112
15498
15775
15943
16000
15943
15775
15497
15112
14624
14037
13357
12591
11748
10834
9859
8833
7766
6667
5547
4417
3287
2168
1068
0
-1030
-2012
-2940
-3804
-4600
-5321
-5964
-6524
-7001
-7391
-7694
-7912
-8046
-8097
-8070
-7969
-7798
-7563
-7271
-6928
-6540
-6117
-5664
-5190
-4703
-4210
-3718
-3235
-2768
-2322
-1904
-1519
-1171
-863
-600
-384
-215
-94
-23
0
-22
-90
-198
-345
-527
-738
-974
-1230
-1501
-1782
-2067
-2351
-2628
-2893
-3142
-3370
-3574
-3748
-3891
-4000
-4072
-4106
-4103
-4060
-3980
-3862
-3709
-3522
-3305
-3061
-2792
-2504
-2200
-1884
-1561
-1235
-912
-596
-290
0
271
520
744
939
1103
1235
1334
1399
1429
1426
1390
1323
1227
1104
958
792
608
413
208
0
-208
-413
-608
-792
-958
-1104
-1227
-1323
-1390
-1426
-1429
-1399
-1334
-1235
-1103
-939
-744
-520
-271
0
290
596
912
1236
1561
1884
2200
2504
2793
3061
3305
3522
3709
3862
3980
4060
4103
4106
4072
4000
3891
3748
3574
3370
3142
2893
2628
2351
2067
1782
1501
1230
974
738
526
345
198
90
22
0
23
95
215
384
600
864
1171
1519
1904
2322
2768
3235
3718
4210
4703
5190
5664
6117
6540
6928
7271
7563
7798
7969
8070
8097
8046
7912
7694
7391
7001
6524
5964
5321
4600
3804
2940
2013
1030
0
-1068
-2168
-3287
-4417
-5547
-6667
-7766
-8833
-9859
-10834
-11747
-12591
-13357
-14036
-14623
-15112
-15497
-15775
-15943
-16000
-15943
-15776
-15498
-15113
-14624
-14037
-13357
-12592
-11748
-10835
-9860
-8834
-7767
-6668
-5548
-4418
-3288
-2169
-1069
0
1029
2012
2939
3803
4599
5320
5963
6524
7000
7390
7694
7912
8046
8097
8070
7969
7798
7564
7271
6928
6541
6117
5664
5191
4703
4210
3719
3236
2769
2323
1905
1519
1171
864
601
384
215
95
23
0
22
90
198
345
526
737
973
1230
1501
1782
2067
2350
2627
2893
3142
3370
3573
3748
3891
3999
4072
4106
4103
4060
3980
3862
3709
3523
3306
3061
2793
2504
2200
1884
1561
1236
913
596
290
0
-271
-520
-743
-938
-1103
-1235
-1334
-1399
-1429
-1426
-1390
-1323
-1227
-1104
-958
-792
-609
-413
-208
0
208
412
608
791
958
1104
1227
1323
1390
1426
1429
1399
1334
1235
1103
939
744
520
271
0
-290
-595
-912
-1235
-1561
-1884
-2199
-2504
-2792
-3061
-3305
-3522
-3709
-3862
-3979
-4060
-4103
-4106
-4072
-4000
-3891
-3748
-3574
-3371
-3142
-2893
-2628
-2351
-2067
-1782
-1501
-1230
-974
-738
-527
-345
-198
-90
-22
0
-23
-94
-215
-384
-600
-863
-1171
-1519
-1904
-2322
-2768
-3235
-3718
-4210
-4703
-5190
-5664
-6117
-6540
-6928
-7271
-7563
-7798
-7969
-8070
-8097
-8046
-7912
-7694
-7391
-7000
-6524
-5964
-5321
-4599
-3804
-2939
-2012
-1029
0
1069
2168
3288
4418
5548
6668
7766
8834
9860
10835
11748
12592
13357
14037
14624
15113
15498
15776
15943
16000
15943
15775
15497
15112
14623
14036
13357
12591
11747
10834
9859
8833
7766
6667
5547
4417
3287
2167
1068
0
-1030
-2013
-2940
-3804
-4600
-5321
-5964
-6525
-7001
-7391
-7694
-7912
-8046
-8097
-8070
-7969
-7798
-7563
-7271
