1651 2 2c48 1 3e8
4742
3530
-3041
-3630
1922
3451
-1411
-3529
1146
4100
-611
-5015
-618
5796
2647
-5854
-5191
4716
7645
-2290
-9238
-1108
9396
4790
-7891
-7917
4950
9752
-1214
-9907
-2471
8456
5315
-5903
-6840
2984
6996
-408
-6140
-1385
4831
2356
-3619
-2728
2701
2894
-2099
-3175
1572
3684
-773
-4199
-495
4317
2086
-3713
-3599
2317
4544
-392
-4582
-1578
3660
3060
-2051
-3698
244
3411
1298
-2427
-2222
1108
2413
137
-1988
-1011
1201
1378
-348
-1272
-338
826
711
-224
-727
-358
413
760
142
-855
-852
603
1414
3
-1696
-817
1572
1636
-1017
-2234
119
2413
909
-2091
-1807
1322
2332
-307
-2361
-691
1916
1421
-1164
-1749
339
1663
345
-1288
-758
802
886
-372
-817
81
664
63
-530
-120
448
152
-413
-203
383
270
-336
-336
266
379
-214
-400
152
429
-92
-469
16
514
93
-545
-243
527
408
-444
-552
303
638
-147
-667
14
669
79
-701
-173
794
337
-904
-646
931
1097
-752
-1601
268
1981
507
-2038
-1438
1632
2273
-765
-2748
-400
2668
1573
-2011
-2444
924
2779
302
-2514
-1355
1758
1983
-753
-2087
-221
1713
924
-1032
-1227
258
1105
393
-638
-760
-32
737
716
-302
-1205
-483
1292
1441
-835
-2300
-188
2729
1613
-2446
-3096
1328
4172
484
-4416
-2592
3596
4422
-1810
-5437
-530
5318
2808
-4112
-4445
2209
5104
-186
-4825
-1443
3961
2435
-2994
-2910
2270
3232
-1818
-3785
1320
4693
-306
-5689
-1571
6159
4243
-5421
-7142
3065
9328
750
-9847
-5243
8132
9213
-4310
-11460
-774
11232
5804
-8532
-9456
4119
10852
754
-9856
-4814
7056
7189
-3496
-7679
235
6700
2024
-5029
-3135
3412
3422
-2269
-3429
1576
3585
-994
-3998
117
4417
1247
-4410
-2954
3605
4550
-1931
-5492
-329
5381
2610
-4161
-4304
2137
4975
127
-4530
-2038
3208
3159
-1483
-3352
-141
2755
1273
-1703
-1749
573
1605
321
-1035
-804
282
828
415
-459
-875
-173
973
886
-668
-1484
-2
1769
894
-1604
-1789
952
2422
77
-2576
-1250
2146
2254
-1206
-2816
-18
2780
1204
-2178
-2058
1205
2401
-151
-2234
-716
1700
1229
-1031
-1374
430
1250
-22
-1014
-190
794
270
-652
-312
575
372
-516
-464
427
554
-300
-611
153
618
-19
-592
-88
556
172
-530
-261
504
366
-457
-484
367
584
-240
-645
102
661
11
-666
-98
700
191
-787
-364
888
674
-905
-1124
709
1616
-213
-1978
-572
2006
1495
-1574
-2312
685
2752
484
-2637
-1647
1945
2488
-842
-2788
-387
2486
1421
-1705
-2023
688
2093
279
-1695
-968
996
1245
-222
-1102
-422
618
769
56
-726
-734
271
1201
522
-1263
-1476
776
2310
267
-2702
-1696
2371
3155
-1214
-4186
-621
4366
2717
-3486
-4507
1653
5454
698
-5264
-2956
3995
4541
-2058
-5139
30
4801
1578
-3898
-2541
2909
2987
-2177
-3293
1710
3831
-1192
-4720
145
5670
1754
-6071
-4425
5243
7275
-2807
-9365
-1052
9750
5524
-7903
-9407
3982
11510
1130
-11124
-6113
8285
9649
-3797
-10898
-1081
9759
5074
-6862
-7348
3259
7727
-11
-6665
-2205
4942
3260
-3309
-3506
2162
3484
-1470
-3624
878
4014
11
-4401
-1385
4343
3078
-3489
-4637
1772
5514
499
-5333
-2760
4049
4399
-1991
-5004
-278
4491
2156
-3124
-3230
1378
3368
235
-2730
-1342
1652
1781
-520
-1607
-363
1014
822
-256
-825
-437
436
878
202
-957
-914
629
1494
52
-1756
-948
1561
1828
-887
-2436
-156
2554
1323
-2091
-2307
1125
2833
105
-2760
-1282
2124
2109
-1135
-2422
77
2222
775
-1669
-1271
989
1394
-391
-1256
-14
1010
216
-787
-293
643
330
-566
-390
502
478
-412
-566
281
617
-134
-621
-1
589
104
-552
-189
522
275
-495
-381
443
495
-351
-594
221
649
-83
-663
-32
663
117
-696
-214
779
388
-874
-702
877
1149
-668
-1632
156
1972
633
-1975
-1552
1513
2346
-606
-2755
-570
2602
1718
-1880
-2532
758
2792
469
-2456
-1487
1648
2058
-623
-2098
-340
1672
1008
-961
-1264
183
1097
448
-599
-778
-81
712
749
-241
-1199
-562
1231
1508
-717
-2320
-347
2670
1775
-2295
-3213
1097
4194
755
-4314
-2841
3370
4586
-1496
-5468
-868
5202
3099
-3876
-4634
1904
5167
125
-4773
-1713
3829
2643
-2822
-3063
2078
3350
-1602
-3876
1060
4740
15
-5647
-1938
5974
4602
-5060
-7402
2544
9390
1352
-9645
-5803
7664
9591
-3651
-11552
-1489
11003
6416
-8032
-9835
3469
10933
1405
-9656
-5333
6659
7500
-3019
-7773
-215
6623
2383
-4853
-3385
3200
3585
-2054
-3538
1360
3657
-761
-4027
-143
4377
1520
-4273
-3201
3365
4717
-1612
-5533
-671
5278
2906
-3934
-4493
1840
5026
427
-4450
-2276
3035
3298
-1273
-3384
-333
2701
1409
-1602
-1814
465
1607
404
-995
-843
228
821
456
-416
-883
-232
938
938
-592
-1504
-105
1739
999
-1518
-1867
818
2446
234
-2530
-1396
2032
2356
-1044
-2848
-194
2736
1357
-2071
-2160
1062
2438
-5
-2210
-837
1635
1310
-947
-1415
348
1260
48
-1006
-245
778
313
-634
-349
553
405
-490
-493
395
576
-263
-624
114
622
18
-588
-123
547
205
-516
-292
484
395
-430
-508
333
602
-202
-654
62
662
52
-661
-139
690
236
-770
-415
856
729
-850
-1174
623
1644
-101
-1965
-696
1940
1605
-1452
-2380
525
2754
653
-2566
-1789
1812
2571
-674
-2797
-552
2423
1549
-1592
-2093
556
2100
398
-1650
-1050
923
1280
-146
-1092
-476
577
785
105
-700
-766
208
1194
600
-1200
-1541
656
2326
425
-2638
-1855
2216
3265
-981
-4201
-890
4256
2961
-3254
-4663
1336
5475
1035
-5139
-3242
3751
4721
-1750
-5192
-281
4740
1844
-3760
-2744
2731
3135
-1981
-3405
1491
3915
-930
-4758
-176
5617
2118
-5875
-4776
4872
7521
-2282
-9410
-1653
9531
6074
-7421
-9768
3316
11581
1843
-10875
-6714
7771
10010
-3141
-10959
-1729
9542
5584
-6453
-7646
2777
7807
438
-6576
-2558
