1651 2 3030 1 3e8
-7257
-6952
-6577
-6118
-5591
-4984
-4312
-3572
-2763
-1904
-982
-19
994
2038
3113
4214
5320
6442
7546
8646
9718
10749
11746
12672
13540
14316
15005
15584
16049
16394
16590
16660
16567
16335
15948
15411
14736
13916
12980
11925
10782
9556
8276
6963
5639
4328
3057
1845
728
-291
-1173
-1920
-2497
-2912
-3147
-3197
-3074
-2769
-2301
-1674
-907
-22
974
2038
3169
4320
5485
6624
7722
8758
9699
10536
11250
11827
12261
12532
12656
12608
12415
12065
11572
10950
10200
9352
8408
7397
6325
5222
4102
2979
1881
809
-207
-1167
-2049
-2853
-3570
-4191
-4718
-5149
-5488
-5734
-5894
-5972
-5978
-5916
-5801
-5636
-5432
-5194
-4936
-4656
-4373
-4082
-3794
-3511
-3236
-2973
-2721
-2486
-2265
-2058
-1873
-1699
-1551
-1414
-1299
-1204
-1125
-1066
-1030
-1013
-1016
-1041
-1086
-1153
-1240
-1341
-1461
-1593
-1736
-1884
-2038
-2192
-2338
-2480
-2606
-2721
-2814
-2886
-2934
-2954
-2954
-2923
-2867
-2788
-2685
-2559
-2419
-2259
-2088
-1909
-1724
-1531
-1344
-1153
-968
-792
-621
-462
-310
-170
-44
70
170
260
333
394
442
473
492
495
487
459
422
372
308
235
148
58
-42
-142
-249
-355
-453
-551
-638
-716
-778
-823
-854
-862
-848
-812
-753
-669
-560
-428
-274
-98
100
316
546
792
1044
1304
1570
1834
2097
2352
2598
2830
3046
3242
3416
3567
3687
3785
3852
3889
3897
3872
3824
3746
3642
3516
3368
3203
3024
2833
2637
2438
2242
2049
1870
1702
1556
1430
1330
1262
1223
1220
1251
1321
1428
1576
1761
1979
2240
2525
2844
3186
3553
3936
4326
4729
5126
5521
5902
6263
6602
6902
7173
7389
7562
7674
7728
7716
7632
7481
7249
6944
6563
6098
5569
4953
4272
3519
2704
1834
901
-64
-1080
-2119
-3186
-4267
-5348
-6431
-7492
-8537
-9545
-10511
-11432
-12286
-13078
-13792
-14428
-14977
-15430
-15789
-16044
-16203
-16251
-16198
-16041
-15778
-15419
-14960
-14411
-13773
-13056
-12261
-11401
-10486
-9514
-8506
-7459
-6395
-5314
-4230
-3155
-2086
-1047
-33
935
1859
2735
3544
4298
4972
5586
6118
6574
6958
7257
7490
7638
7719
7730
7672
7560
7383
7165
6896
6591
6255
5888
5513
5115
4718
4317
3922
3542
3175
2836
2517
2231
1976
1755
1573
1425
1321
1251
1220
1226
1262
1335
1433
1562
1708
1876
2058
2248
2447
2643
2842
3029
3208
3374
3519
3648
3749
3827
3878
3897
3889
3852
3785
3687
3564
3410
3236
3038
2819
2587
2338
2083
1817
1551
1285
1019
767
520
291
75
-120
-294
-445
-571
-674
-750
-798
-826
-823
-798
-753
-686
-602
-498
-386
-263
-134
0
131
260
383
495
596
683
747
795
817
817
792
742
666
562
436
282
109
-86
-302
-532
-778
-1033
-1296
-1565
-1831
-2097
-2352
-2601
-2833
-3049
-3248
-3421
-3572
-3696
-3794
-3861
-3894
-3906
-3880
-3830
-3752
-3648
-3522
-3374
-3211
-3029
-2842
-2643
-2444
-2248
-2055
-1876
-1710
-1562
-1436
-1338
-1268
-1229
-1226
-1257
-1327
-1436
-1582
-1766
-1988
-2245
-2531
-2850
-3192
-3558
-3942
-4331
-4734
-5132
-5527
-5908
-6269
-6608
-6907
-7179
-7394
-7568
-7683
-7733
-7725
-7638
-7487
-7254
-6949
-6568
-6106
-5574
-4958
-4278
-3525
-2710
-1839
-907
58
1075
2116
3180
4261
5342
6426
7487
8531
9539
10508
11426
12280
13073
13787
14422
14971
15425
15783
16041
16198
16245
16192
16032
15772
15414
14952
14406
13764
13048
12255
11396
10477
9506
8498
7453
6389
5308
4222
3147
2080
1041
28
-940
-1867
-2741
-3550
-4303
-4981
-5591
-6126
-6580
-6966
-7263
-7495
-7644
-7722
-7736
-7677
-7565
-7389
-7170
-6902
-6594
-6260
-5894
-5516
-5118
-4720
-4320
-3925
-3547
-3180
-2839
-2520
-2234
-1979
-1758
-1576
-1430
-1324
-1254
-1223
-1229
-1268
-1341
-1439
-1568
-1713
-1881
-2063
-2254
-2452
-2648
-2847
-3035
-3214
-3379
-3525
-3654
-3754
-3833
-3883
-3903
-3897
-3858
-3791
-3693
-3570
-3416
-3242
-3043
-2825
-2592
-2343
-2088
-1822
-1554
-1290
-1024
-772
-526
-294
-81
114
288
439
568
669
744
795
820
817
795
747
680
596
492
380
257
128
-2
-137
-266
-389
-501
-602
-688
-753
-800
-823
-823
-798
-747
-672
-568
-442
-288
-114
81
299
529
775
1030
1293
1559
1825
2091
2346
2595
2828
3043
3242
3416
3567
3690
3788
3855
3892
3900
3875
3824
3746
3642
3516
3368
3206
3024
2836
2637
2438
2242
2049
1870
1702
1556
1430
1332
1262
1223
1220
1251
1321
1430
1576
1761
1979
2240
2525
2844
3186
3553
3936
4326
4729
5126
5521
5902
6263
6602
6902
7173
7389
7562
7674
7728
7719
7632
7481
7249
6944
6563
6098
5569
4953
4272
3519
2704
1834
901
-64
-1080
-2122
-3186
-4267
-5348
-6431
-7492
-8537
-9545
-10511
-11432
-12286
-13078
-13792
-14428
-14974
-15428
-15789
-16044
-16200
-16251
-16198
-16038
-15778
-15416
-14957
-14408
-13770
-13053
-12261
-11398
-10483
-9511
-8503
-7459
-6395
-5314
-4230
-3152
-2086
-1047
-33
935
1859
2735
3544
4298
4972
5586
6118
6574
6958
7257
7487
7638
7716
7728
7672
7560
7383
7165
6896
6588
6255
5888
5510
5112
4715
4317
3922
3542
3175
2836
2517
2228
1974
1752
1573
1425
1318
1248
1220
1223
1262
1335
1433
1562
1708
1876
2058
2248
2447
2643
2842
3029
3208
3374
3519
3648
3749
3827
3878
3897
3892
3852
3785
3687
3564
3410
3236
3038
2819
2587
2338
2083
1817
1548
1285
1019
767
520
288
75
-120
-294
-445
-574
-674
-750
-800
-826
-823
-800
-753
-686
-602
-498
-386
-263
-134
-2
131
260
383
498
596
683
747
795
817
817
792
742
666
562
436
282
109
-86
-302
-532
-781
-1033
-1296
-1565
-1831
-2097
-2352
-2601
-2833
-3049
-3248
-3421
-3572
-3696
-3794
-3861
-3897
-3906
-3880
-3833
-3752
-3648
-3522
-3374
-3211
-3029
-2842
-2643
-2444
-2248
-2055
-1876
-1708
-1562
-1436
-1335
-1268
-1229
-1226
-1257
-1327
-1436
-1582
-1766
-1985
-2245
-2531
-2850
-3192
-3558
-3942
-4331
-4734
-5132
-5530
-5908
-6269
-6608
-6910
-7179
-7397
-7568
-7683
-7733
-7725
-7638
-7487
